ABD: 20.242914979757085
DDD: 0
AAA: 19.76284584980237
AAA: 19.68503937007874
AAA: 500.0
DAA: 500.0
AAA: 20.040080160320638
AAA: 19.801980198019802
AAA: 20.408163265306126
AAA: 500.0
AAA: 500.0
AAA: 500.0
AAA: 1000.0
AAA: 500.0
AAA: 19.9203187250996
AAA: 19.646365422396855
AAA: 29.880715705765404
AAA: 1000
JAG: 25
